 n_estimators  max_depth  min_samples_split  accuracy       f1
           50          3                  2  1.000000 1.000000
           50          5                  2  1.000000 1.000000
          100         10                  2  1.000000 1.000000
           50          5                  5  1.000000 1.000000
           50         10                  2  1.000000 1.000000
           50         10                  5  1.000000 1.000000
          100          3                  2  1.000000 1.000000
          100          3                  5  1.000000 1.000000
          100          5                  2  1.000000 1.000000
          100          5                  5  1.000000 1.000000
          200          5                  2  1.000000 1.000000
          100         10                  5  1.000000 1.000000
          200          3                  2  1.000000 1.000000
          200          3                  5  1.000000 1.000000
          200         10                  2  1.000000 1.000000
          200          5                  5  1.000000 1.000000
          200         10                  5  1.000000 1.000000
           50          3                  5  0.972222 0.972187